county,fipscounty,total_deaths,fent_count,hydroc_count,codeine_count,morph_count,methadone_count,oxy_count,hydrom_count,tram_count
DAVIDSON,47037,689,192,1354,109,307,68,1356,48,700
KNOX,47093,683,142,1030,98,267,21,1015,30,558
SHELBY,47157,567,126,1204,205,198,33,1004,41,716
RUTHERFORD,47149,205,38,335,16,65,17,254,11,175
HAMILTON,47065,191,84,727,72,153,43,714,57,492
SULLIVAN,47163,131,50,425,35,109,18,466,26,227
MONTGOMERY,47125,101,27,153,19,59,11,172,17,75
SUMNER,47165,100,47,221,19,61,19,206,13,132
BLOUNT,47009,99,20,134,28,36,1,129,1,87
WILSON,47189,98,27,136,11,38,7,124,7,85
SEVIER,47155,97,11,98,7,17,1,79,1,75
ANDERSON,47001,96,19,128,20,32,0,132,1,72
WILLIAMSON,47187,94,33,183,8,50,12,181,10,126
WASHINGTON,47179,80,71,405,35,123,5,458,12,233
ROANE,47145,77,7,55,14,20,1,69,1,36
CHEATHAM,47021,73,6,31,7,9,1,31,2,19
MAURY,47119,56,36,148,15,54,6,173,6,92
GREENE,47059,53,17,99,19,34,1,117,2,68
CARTER,47019,52,5,45,6,9,2,37,0,25
TIPTON,47167,52,9,53,9,14,3,50,2,34
